34628173824 68853694464 34829500416 68719476736
34628173824 68853694464 240786604032 134217728
120393302016 268435456 240786604032 134217728
69659000832 34359738368 240786604032 134217728
34829500416 68719476736 34561064960 68988960768
240786604032 134217728 206426865664 8830586978304
51673825280 17661173956608 206426865664 8830586978304
69524783104 34494480384 206426865664 8830586978304
34561064960 68988960768 35366371328 68720525312
206426865664 8830586978304 257966473216 8796227239936
257832255488 17592454479872 257966473216 8796227239936
69726109696 34360262656 257966473216 8796227239936
35366371328 68720525312 872415232 120394350592
257966473216 8796227239936 188978561024 8865752023040
223338299392 17627015544832 188978561024 8865752023040
738197504 240787128320 188978561024 8865752023040
872415232 120394350592 8865684914176 51674873856
188978561024 8865752023040 189113827328 8865617805312
223607259136 17626747109376 189113827328 8865617805312
17627283980288 206427389952 189113827328 8865617805312
8865684914176 51674873856 8865416478720 51945406464
189113827328 8865617805312 154754088960 13298024054784
154887782400 52879838674944 154754088960 13298024054784
17627149762560 206561869824 154754088960 13298024054784
8865416478720 51945406464 26491962261504 17585668096
154754088960 13298024054784 155023048704 13297755619328
155023048704 52879704457216 155023048704 13297755619328
26491962261504 137842393088 155023048704 13297755619328
26491962261504 17585668096 26491895152640 17653039104
155023048704 13297755619328 17584095232 48619566661632
137843179520 57294930837504 17584095232 48619566661632
26491425390592 138381361152 17584095232 48619566661632
26491895152640 17653039104 26517664956416 473169920
17584095232 48619566661632 19194707968 48619029790720
137943842816 57294863728640 19194707968 48619029790720
26903742251008 942407680 19194707968 48619029790720
26517664956416 473169920 26517128085504 138448994304
19194707968 48619029790720 2014838784 48636276768768
504889344 57432839553024 2014838784 48636276768768
26903675142144 18189385728 2014838784 48636276768768
